#C function is available at http://code.google.com/p/r4ss/source/browse/#svn/branches/input_file_objects
#C should work with SS version:
#C file created using an r4ss function
#C file write time: 2025-07-10  17:44:58
#
1995 #_styr
2023 #_endyr
1 #_nseas
12 #_months_per_seas
2 #_Nsubseasons
1 #_spawn_month
2 #_Nsexes
25 #_Nages
1 #_N_areas
6 #_Nfleets
#_fleetinfo
#_type	surveytiming	area	units	need_catch_mult	fleetname
1	 -1	1	2	0	F_NonTarLL	#_1
1	 -1	1	2	0	F_AssoPS  	#_2
1	 -1	1	2	0	F_UnAssoPS	#_3
3	0.5	1	2	0	S_NonTarLL	#_4
3	0.5	1	2	0	S_AssoPS  	#_5
3	0.5	1	2	0	S_UnAssoPS	#_6
#_Catch data
#_year	season	fleet	catch	catch_se
 -999	1	1	     131.6	0.05	#_1         
 1995	1	1	 83.774803	0.05	#_2         
 1996	1	1	 48.468536	0.05	#_3         
 1997	1	1	 61.885662	0.05	#_4         
 1998	1	1	 77.143021	0.05	#_5         
 1999	1	1	  106.5736	0.05	#_6         
 2000	1	1	 72.737864	0.05	#_7         
 2001	1	1	 71.918833	0.05	#_8         
 2002	1	1	 82.338158	0.05	#_9         
 2003	1	1	 72.052001	0.05	#_10        
 2004	1	1	 91.852165	0.05	#_11        
 2005	1	1	 54.052491	0.05	#_12        
 2006	1	1	  51.70043	0.05	#_13        
 2007	1	1	 37.329168	0.05	#_14        
 2008	1	1	 47.525059	0.05	#_15        
 2009	1	1	 41.453265	0.05	#_16        
 2010	1	1	 40.992095	0.05	#_17        
 2011	1	1	  26.09195	0.05	#_18        
 2012	1	1	 35.809785	0.05	#_19        
 2013	1	1	 26.630023	0.05	#_20        
 2014	1	1	 26.686325	0.05	#_21        
 2015	1	1	  20.53589	0.05	#_22        
 2016	1	1	  17.80478	0.05	#_23        
 2017	1	1	 10.462418	0.05	#_24        
 2018	1	1	 11.069724	0.05	#_25        
 2019	1	1	 14.720035	0.05	#_26        
 2020	1	1	 11.672813	0.05	#_27        
 2021	1	1	 14.786408	0.05	#_28        
 2022	1	1	 12.827568	0.05	#_29        
 2023	1	1	 10.250124	0.05	#_30        
 -999	1	2	      18.8	0.05	#_31        
 1995	1	2	0.10014855	0.05	#_32        
 1996	1	2	 2.2665264	0.05	#_33        
 1997	1	2	 1.8187469	0.05	#_34        
 1998	1	2	 4.6853701	0.05	#_35        
 1999	1	2	 7.0960142	0.05	#_36        
 2000	1	2	 2.5077231	0.05	#_37        
 2001	1	2	 4.1463999	0.05	#_38        
 2002	1	2	 1.7379982	0.05	#_39        
 2003	1	2	 1.8908731	0.05	#_40        
 2004	1	2	 2.3321616	0.05	#_41        
 2005	1	2	 1.4311949	0.05	#_42        
 2006	1	2	0.60824711	0.05	#_43        
 2007	1	2	0.65810941	0.05	#_44        
 2008	1	2	 0.8963088	0.05	#_45        
 2009	1	2	0.16034119	0.05	#_46        
 2010	1	2	 0.3179057	0.05	#_47        
 2011	1	2	 0.6633276	0.05	#_48        
 2012	1	2	0.35900025	0.05	#_49        
 2013	1	2	 0.3823864	0.05	#_50        
 2014	1	2	0.44827456	0.05	#_51        
 2015	1	2	0.30927602	0.05	#_52        
 2016	1	2	0.43508783	0.05	#_53        
 2017	1	2	0.53700556	0.05	#_54        
 2018	1	2	0.81473056	0.05	#_55        
 2019	1	2	0.80683788	0.05	#_56        
 2020	1	2	0.75516524	0.05	#_57        
 2021	1	2	0.48894152	0.05	#_58        
 2022	1	2	 1.1981742	0.05	#_59        
 2023	1	2	0.16873851	0.05	#_60        
 -999	1	3	         4	0.05	#_61        
 1995	1	3	0.10826963	0.05	#_62        
 1996	1	3	0.66670496	0.05	#_63        
 1997	1	3	 1.4154609	0.05	#_64        
 1998	1	3	0.71079433	0.05	#_65        
 1999	1	3	0.24734393	0.05	#_66        
 2000	1	3	0.26776041	0.05	#_67        
 2001	1	3	0.15187901	0.05	#_68        
 2002	1	3	0.28482292	0.05	#_69        
 2003	1	3	0.16606058	0.05	#_70        
 2004	1	3	0.19966481	0.05	#_71        
 2005	1	3	0.33903209	0.05	#_72        
 2006	1	3	0.19422057	0.05	#_73        
 2007	1	3	0.19308113	0.05	#_74        
 2008	1	3	0.15210756	0.05	#_75        
 2009	1	3	0.12355807	0.05	#_76        
 2010	1	3	0.23962136	0.05	#_77        
 2011	1	3	0.41973782	0.05	#_78        
 2012	1	3	0.31197829	0.05	#_79        
 2013	1	3	 0.3828993	0.05	#_80        
 2014	1	3	0.35291448	0.05	#_81        
 2015	1	3	0.38430571	0.05	#_82        
 2016	1	3	0.35586555	0.05	#_83        
 2017	1	3	0.53482918	0.05	#_84        
 2018	1	3	0.40947733	0.05	#_85        
 2019	1	3	0.52848348	0.05	#_86        
 2020	1	3	0.39397843	0.05	#_87        
 2021	1	3	0.28289053	0.05	#_88        
 2022	1	3	 0.5260054	0.05	#_89        
 2023	1	3	0.02638785	0.05	#_90        
-9999	0	0	         0	   0	#_terminator
#_CPUE_and_surveyabundance_observations
#_Units:  0=numbers; 1=biomass; 2=F; >=30 for special types
#_Errtype:  -1=normal; 0=lognormal; >0=T
#_SD_Report: 0=no sdreport; 1=enable sdreport
#_fleet	units	errtype	SD_report
1	0	0	0	#_F_NonTarLL
2	0	0	0	#_F_AssoPS  
3	0	0	0	#_F_UnAssoPS
4	0	0	0	#_S_NonTarLL
5	0	0	0	#_S_AssoPS  
6	0	0	0	#_S_UnAssoPS
#
#_CPUE_data
#_year	month	index	obs	se_log
 1995	7	4	 1.7036957	0.1	#_1         
 1996	7	4	   2.37064	0.1	#_2         
 1997	7	4	 2.3146364	0.1	#_3         
 1998	7	4	 2.2213858	0.1	#_4         
 1999	7	4	 3.2813032	0.1	#_5         
 2000	7	4	 2.5995817	0.1	#_6         
 2001	7	4	 1.7924954	0.1	#_7         
 2002	7	4	 2.6535675	0.1	#_8         
 2003	7	4	 1.6983457	0.1	#_9         
 2004	7	4	 1.8024104	0.1	#_10        
 2005	7	4	 1.0724646	0.1	#_11        
 2006	7	4	 1.0464987	0.1	#_12        
 2007	7	4	0.61516707	0.1	#_13        
 2008	7	4	 0.7616145	0.1	#_14        
 2009	7	4	0.88900067	0.1	#_15        
 2010	7	4	0.78674805	0.1	#_16        
 2011	7	4	0.77666806	0.1	#_17        
 2012	7	4	0.66087809	0.1	#_18        
 2013	7	4	0.54798578	0.1	#_19        
 2014	7	4	0.67591153	0.1	#_20        
 2015	7	4	0.54871316	0.1	#_21        
 2016	7	4	0.56643848	0.1	#_22        
 2017	7	4	0.48578453	0.1	#_23        
 2018	7	4	0.40226995	0.1	#_24        
 2019	7	4	0.51545543	0.1	#_25        
 2020	7	4	0.58434295	0.1	#_26        
 2021	7	4	0.59667414	0.1	#_27        
 2022	7	4	0.73280775	0.1	#_28        
 2023	7	4	0.76155997	0.1	#_29        
-9999	0	0	         0	  0	#_terminator
0 #_N_discard_fleets
#_discard_units (1=same_as_catchunits(bio/num); 2=fraction; 3=numbers)
#_discard_errtype:  >0 for DF of T-dist(read CV below); 0 for normal with CV; -1 for normal with se; -2 for lognormal
#
#_discard_fleet_info
#
#_discard_data
#
#_meanbodywt
0 #_use_meanbodywt
 #_DF_for_meanbodywt_T-distribution_like
#
#_population_length_bins
2 # length bin method: 1=use databins; 2=generate from binwidth,min,max below; 3=read vector
5 # binwidth for population size comp
50 # minimum size in the population (lower edge of first bin and size at age 0.00)
360 # maximum size in the population (lower edge of last bin)
1 #_use_lencomp
#
#_len_info
#_mintailcomp	addtocomp	combine_M_F	CompressBins	CompError	ParmSelect	minsamplesize
-0.005	1e-04	0	0	0	0	1	#_F_NonTarLL
-0.005	1e-04	0	0	0	0	1	#_F_AssoPS  
-0.005	1e-04	0	0	0	0	1	#_F_UnAssoPS
-0.005	1e-04	0	0	0	0	1	#_S_NonTarLL
-0.005	1e-04	0	0	0	0	1	#_S_AssoPS  
-0.005	1e-04	0	0	0	0	1	#_S_UnAssoPS
28 #_N_lbins
#_lbin_vector
50 60 70 80 90 100 110 120 130 140 150 160 170 180 190 200 210 220 230 240 250 260 270 280 290 300 340 360 #_lbin_vector
#
#_lencomp
#_year	month	fleet	sex	part	Nsamp	f50	f60	f70	f80	f90	f100	f110	f120	f130	f140	f150	f160	f170	f180	f190	f200	f210	f220	f230	f240	f250	f260	f270	f280	f290	f300	f340	f360	m50	m60	m70	m80	m90	m100	m110	m120	m130	m140	m150	m160	m170	m180	m190	m200	m210	m220	m230	m240	m250	m260	m270	m280	m290	m300	m340	m360
 1995	7	1	0	0	8.8674424	0.00038985154	0.0022836676	 0.011510992	0.032049166	0.050022692	0.050468488	0.064062753	0.078346456	0.083496243	 0.11908688	  0.1195186	0.097655611	0.088732524	0.074544241	0.040813974	0.029876884	 0.019413626	0.011613704	0.0084569246	0.0077139312	0.0033738942	0.0034455534	 0.0010640772	0.00064329904	0.00036898235	0.00071244395	0.00019863445	0.00013590117	0	0	0	0	0	0	0	0	0	0	0	0	0	0	0	0	0	0	0	0	0	0	0	0	0	0	0	0	#_1         
 1996	7	1	0	0	8.5630391	0.00036337289	0.0020855051	 0.011081078	0.030503977	0.043375196	0.049612166	0.065641458	0.077164487	0.083231139	 0.11293239	 0.11542095	0.094931866	 0.09039828	0.084211568	0.047072545	0.032658089	 0.019163433	0.012629701	0.0091946105	0.0083922784	0.0034235231	0.0033409565	 0.0010492342	0.00065694308	0.00037673512	0.00074190294	0.00020541936	0.00014120088	0	0	0	0	0	0	0	0	0	0	0	0	0	0	0	0	0	0	0	0	0	0	0	0	0	0	0	0	#_2         
 1997	7	1	0	0	8.8268289	0.00038467027	0.0022115526	 0.012121334	0.032070527	0.042932538	0.047353834	0.059839741	0.069172919	0.083527511	 0.10824991	 0.11361118	 0.10291497	0.099987941	0.073778913	0.054391853	0.037024614	 0.018914161	0.013808738	0.0097343283	0.0076355239	0.0038394675	0.0033187357	 0.0010410616	0.00064895522	0.00038929274	0.00078240405	0.00018128139	0.00013204199	0	0	0	0	0	0	0	0	0	0	0	0	0	0	0	0	0	0	0	0	0	0	0	0	0	0	0	0	#_3         
 1998	7	1	0	0	9.3778321	 0.0003866277	0.0021004781	 0.013377468	 0.06277565	0.053863806	0.066273063	0.051762433	0.078027291	0.085028835	  0.1085046	 0.10526096	0.098637384	0.085259468	0.064456958	0.039645312	0.030347289	 0.015515265	0.013245059	0.0088464597	0.0068736135	0.0033450013	0.0032615554	 0.0010627037	0.00064860901	0.00036946083	0.00079400491	0.00018898481	0.00014166397	0	0	0	0	0	0	0	0	0	0	0	0	0	0	0	0	0	0	0	0	0	0	0	0	0	0	0	0	#_4         
 1999	7	1	0	0	8.3772779	0.00037741226	0.0022923447	 0.011760342	 0.02940578	0.047859794	0.051174463	0.061579285	 0.08237688	0.088828828	 0.11577074	 0.13093712	0.090867922	0.085257975	0.076350543	0.039168729	 0.03493159	 0.015867137	0.010869515	0.0074226158	0.0073108171	0.0031965834	0.0032436289	 0.0010449563	0.00057313856	0.00039742496	0.00080270832	0.00019457373	 0.0001371551	0	0	0	0	0	0	0	0	0	0	0	0	0	0	0	0	0	0	0	0	0	0	0	0	0	0	0	0	#_5         
 2000	7	1	0	0	8.0996225	0.00041449983	0.0021066077	 0.011109148	0.030952515	0.049207074	0.053313416	0.060403929	0.073327488	0.093717404	 0.11374431	 0.12092886	0.090115219	0.089756105	0.076351291	0.047396074	0.031923633	 0.017640119	0.012990314	0.0079706758	0.0069896495	0.0032953711	0.0032891991	 0.0010230934	0.00060599485	0.00037080843	 0.0007313843	0.00018386121	0.00014195645	0	0	0	0	0	0	0	0	0	0	0	0	0	0	0	0	0	0	0	0	0	0	0	0	0	0	0	0	#_6         
 2001	7	1	0	0	9.1987778	0.00038565273	0.0021777492	 0.011865846	0.028664897	0.039035065	 0.04850795	0.059664553	  0.0789546	0.073443224	 0.12441932	 0.12522598	 0.10358913	0.089541524	0.079323579	0.048174325	0.031506655	 0.018038605	 0.01251457	0.0085686541	0.0070085977	0.0031919016	0.0031574738	0.00097154229	0.00061568578	0.00037422827	0.00075880031	0.00017970367	0.00014018122	0	0	0	0	0	0	0	0	0	0	0	0	0	0	0	0	0	0	0	0	0	0	0	0	0	0	0	0	#_7         
 2002	7	1	0	0	8.3356541	0.00036950933	0.0019952685	 0.010749325	0.028978861	0.047121783	0.052197796	0.070072418	0.086420307	 0.07771931	0.094816039	 0.13986617	 0.10104818	0.090290675	0.074842621	0.040957565	0.028280626	 0.017295328	0.012612831	0.0081163836	 0.006718959	0.0032241019	0.0032903926	0.00098781342	0.00059620719	0.00036459891	0.00074188307	0.00018618687	0.00013885585	0	0	0	0	0	0	0	0	0	0	0	0	0	0	0	0	0	0	0	0	0	0	0	0	0	0	0	0	#_8         
 2003	7	1	0	0	7.6984638	  0.000396235	0.0022776573	 0.013505299	0.029346198	0.046008019	0.048685728	0.063421021	0.080372732	 0.08874363	  0.1170491	 0.10812341	0.098819171	0.092876513	0.073426649	0.044801792	0.033504758	 0.019201611	0.013757023	0.0086344187	0.0071015236	 0.003215506	0.0035975154	0.00098243381	0.00072082156	0.00035164989	0.00075621208	0.00018857594	0.00013479623	0	0	0	0	0	0	0	0	0	0	0	0	0	0	0	0	0	0	0	0	0	0	0	0	0	0	0	0	#_9         
 2004	7	1	0	0	7.0452576	0.00039885635	0.0023298237	 0.011255805	0.029609356	0.041651172	0.041528115	0.054537262	0.062437278	 0.10025583	 0.14097478	 0.12725402	0.084683313	0.098373767	0.075711508	0.043057393	0.030741625	 0.016565472	0.013734799	0.0087006854	0.0062639416	0.0034723167	 0.003401242	 0.0010090893	0.00061245021	 0.0003575911	0.00074425264	 0.0001956096	0.00014264226	0	0	0	0	0	0	0	0	0	0	0	0	0	0	0	0	0	0	0	0	0	0	0	0	0	0	0	0	#_10        
 2005	7	1	0	0	8.1950087	0.00038855282	0.0021182115	 0.011869472	0.029050255	0.042890572	0.049329447	0.063679998	0.068238147	 0.07701291	  0.1170221	 0.13175206	 0.10211865	0.082253911	0.074838321	0.051140734	0.035344593	 0.020238922	0.014492694	0.0087416766	0.0074349637	0.0034998052	0.0034799966	 0.0010056661	0.00063060926	0.00036722051	0.00074423647	0.00018589586	0.00013038831	0	0	0	0	0	0	0	0	0	0	0	0	0	0	0	0	0	0	0	0	0	0	0	0	0	0	0	0	#_11        
 2006	7	1	0	0	8.2018204	0.00037104181	0.0022209937	 0.011805272	 0.02624851	0.044088953	0.051202939	0.062715473	0.075346389	0.084525039	 0.11961713	 0.12178057	0.098082314	0.089013787	0.072913173	0.050228989	0.031557092	 0.017474935	0.015353273	 0.008970579	 0.006770337	0.0031858131	0.0033363327	 0.0010505934	0.00070085674	0.00034779981	0.00076172863	0.00018621263	  0.000143879	0	0	0	0	0	0	0	0	0	0	0	0	0	0	0	0	0	0	0	0	0	0	0	0	0	0	0	0	#_12        
 2007	7	1	0	0	8.3649646	0.00037835472	0.0021360557	 0.011623811	0.027156449	0.040197912	0.047072351	0.056405938	0.082133431	0.095954525	 0.11687487	 0.13349265	  0.1044303	 0.07936783	0.071980337	 0.04506974	0.029958786	 0.018074052	0.013103947	0.0078653823	 0.006982764	0.0032331274	0.0034723858	0.00096708094	0.00064304603	0.00033785035	0.00076801298	0.00018745043	0.00013156069	0	0	0	0	0	0	0	0	0	0	0	0	0	0	0	0	0	0	0	0	0	0	0	0	0	0	0	0	#_13        
 2008	7	1	0	0	7.5996381	0.00036068002	0.0021664437	 0.012719998	0.029682358	0.044794756	0.047188339	 0.06163563	 0.08102868	 0.10070536	 0.12823262	  0.1368471	0.087439614	0.082014996	0.064518942	0.039121019	0.029149138	 0.016489175	 0.01237539	0.0080009038	0.0061365238	0.0030274904	0.0033607531	 0.0010035697	0.00061878131	 0.0003602073	0.00069441539	0.00018790342	0.00013921398	0	0	0	0	0	0	0	0	0	0	0	0	0	0	0	0	0	0	0	0	0	0	0	0	0	0	0	0	#_14        
 2009	7	1	0	0	7.6903735	0.00038859963	 0.002317274	 0.011276286	0.028628519	0.040187302	0.049354275	0.064842291	0.074488315	0.092694407	 0.11118485	 0.11671305	 0.10162795	 0.09243313	0.074996015	0.052397288	0.028851864	 0.017274779	0.014992518	0.0080460017	  0.00733883	0.0032225917	0.0035973981	 0.0010371499	 0.0006750758	0.00035597317	0.00076711954	0.00017745608	0.00013368888	0	0	0	0	0	0	0	0	0	0	0	0	0	0	0	0	0	0	0	0	0	0	0	0	0	0	0	0	#_15        
 2010	7	1	0	0	8.2027748	  0.000398676	0.0023122692	 0.012084995	 0.02969155	0.046381718	0.057585702	0.075295541	0.083383706	0.084511825	  0.1118343	 0.11472496	 0.10329504	0.083967002	 0.06328775	0.044808446	0.030432096	 0.017872253	 0.01282141	0.0088914561	0.0067725861	0.0032671292	0.0032986308	 0.0010010796	0.00067547696	0.00035323107	0.00073254133	 0.0001887514	0.00012987955	0	0	0	0	0	0	0	0	0	0	0	0	0	0	0	0	0	0	0	0	0	0	0	0	0	0	0	0	#_16        
 2011	7	1	0	0	 7.646732	0.00037889796	0.0021027358	 0.011486902	0.028440579	0.041812256	0.045953522	0.059500919	0.092467576	 0.10200719	 0.11304212	 0.11647036	 0.10039909	0.078154357	0.072557059	0.048058792	0.028286401	 0.020853327	0.013555001	0.0081042768	0.0066997776	0.0034050128	0.0031562158	 0.0010112394	0.00063741028	0.00038396683	0.00076624404	0.00018036726	0.00012841135	0	0	0	0	0	0	0	0	0	0	0	0	0	0	0	0	0	0	0	0	0	0	0	0	0	0	0	0	#_17        
 2012	7	1	0	0	7.7053796	0.00037022418	 0.002103079	 0.010719865	0.024199473	0.042417286	 0.04800876	0.048660886	0.084437427	 0.09112082	0.098158407	 0.11660428	 0.11860452	0.098871633	0.076030556	 0.04596436	0.034545182	  0.01997305	0.013956605	 0.009110116	0.0064713613	0.0034678269	0.0031242202	 0.0010268881	0.00067813938	0.00034905122	0.00072018281	0.00017815526	0.00012764265	0	0	0	0	0	0	0	0	0	0	0	0	0	0	0	0	0	0	0	0	0	0	0	0	0	0	0	0	#_18        
 2013	7	1	0	0	7.0054148	0.00038288183	0.0023125452	 0.011722133	 0.02774406	0.041208229	0.038848395	0.050804681	0.075504372	0.093589437	 0.10920141	 0.13781267	 0.10450424	0.090017272	0.066100124	0.050691418	 0.04319929	 0.019064769	 0.01335205	 0.008050815	 0.006392296	 0.002953224	0.0035008518	 0.0010433911	0.00063267027	 0.0003577123	0.00071389918	0.00017961886	0.00011555099	0	0	0	0	0	0	0	0	0	0	0	0	0	0	0	0	0	0	0	0	0	0	0	0	0	0	0	0	#_19        
 2014	7	1	0	0	6.9386337	0.00037563706	0.0023681707	 0.013551107	 0.03160323	0.045860314	0.046415483	0.053855859	0.069734811	0.081704928	 0.10914743	 0.10946451	  0.1083724	0.093433091	0.081862917	0.053557007	0.039373393	 0.019749119	0.013745555	0.0089998221	 0.006941552	0.0032813002	0.0034348695	 0.0010374212	0.00065570764	0.00038005632	0.00077944691	0.00017677038	0.00013810186	0	0	0	0	0	0	0	0	0	0	0	0	0	0	0	0	0	0	0	0	0	0	0	0	0	0	0	0	#_20        
 2015	7	1	0	0	7.3626635	0.00041198156	0.0025220008	 0.015512358	0.034710781	0.053310331	0.062028896	0.065986055	0.069820811	0.088909563	 0.11799144	 0.11457606	0.092348767	0.078113018	0.064391115	0.045924648	0.032746167	 0.020285676	0.014144974	0.0092274832	 0.007119107	0.0033040674	0.0034075763	  0.001066716	0.00064610866	0.00036474539	0.00078946017	0.00018976618	0.00015033425	0	0	0	0	0	0	0	0	0	0	0	0	0	0	0	0	0	0	0	0	0	0	0	0	0	0	0	0	#_21        
 2016	7	1	0	0	  6.96806	0.00039236752	0.0021235706	 0.013539774	0.031060985	0.044331341	0.055835013	0.061754357	0.070003565	0.085125186	 0.10946146	 0.12415152	0.092589659	 0.10599204	0.072965094	0.043833352	0.030158663	 0.016856125	0.013689129	0.0086316729	0.0069450289	0.0038250676	0.0035973212	 0.0010355862	0.00066384789	0.00036843764	0.00074306405	0.00019721522	0.00012955142	0	0	0	0	0	0	0	0	0	0	0	0	0	0	0	0	0	0	0	0	0	0	0	0	0	0	0	0	#_22        
 2017	7	1	0	0	 7.210342	0.00039185638	0.0023007279	 0.013611464	0.035079548	 0.05182519	0.054738908	 0.05113961	0.076108859	0.076729915	 0.11921709	 0.11107952	 0.10852136	0.083687886	0.072387232	0.050125354	0.031332379	 0.019106863	 0.01447785	 0.010424858	0.0072960566	0.0036436594	0.0035206582	 0.0010539122	0.00068020352	0.00039185638	0.00080253262	0.00019088715	0.00013375544	0	0	0	0	0	0	0	0	0	0	0	0	0	0	0	0	0	0	0	0	0	0	0	0	0	0	0	0	#_23        
 2018	7	1	0	0	7.0187882	0.00040429749	  0.00236611	 0.012837564	0.031896237	0.041952951	0.047812281	0.066519618	0.064206469	0.074172924	 0.11396266	 0.11478394	 0.10798249	  0.1118718	0.069117714	0.044348898	0.035152995	 0.018902026	0.014888143	0.0095323203	0.0073758184	 0.003362681	0.0033641728	0.00096822535	0.00070043421	0.00039683813	0.00080337342	0.00017380316	0.00014321977	0	0	0	0	0	0	0	0	0	0	0	0	0	0	0	0	0	0	0	0	0	0	0	0	0	0	0	0	#_24        
 2019	7	1	0	0	 6.992601	0.00035629241	0.0022622893	 0.013430772	0.034039328	0.050692927	0.051514969	0.058549231	0.083783446	 0.09135438	 0.11469656	0.085593947	 0.10701784	 0.10234137	0.071046271	0.043177838	0.030632771	 0.018396528	0.014389076	0.0089531034	0.0076351566	0.0035835869	0.0033691413	  0.001001863	0.00068577913	0.00037416288	0.00079970335	0.00018763989	0.00013402849	0	0	0	0	0	0	0	0	0	0	0	0	0	0	0	0	0	0	0	0	0	0	0	0	0	0	0	0	#_25        
 2020	7	1	0	0	6.4223759	0.00042135324	0.0023528952	 0.015931553	0.036613722	 0.05265856	0.058965818	0.054296703	0.076919378	0.086610503	 0.10661296	 0.10624785	 0.10503106	0.079714816	0.077114162	0.046410796	0.033925048	 0.018697652	0.014994307	0.0090244572	0.0072795495	0.0035525701	0.0035289352	 0.0010586806	0.00064384731	0.00037734342	0.00070660204	0.00018500423	0.00012387948	0	0	0	0	0	0	0	0	0	0	0	0	0	0	0	0	0	0	0	0	0	0	0	0	0	0	0	0	#_26        
 2021	7	1	0	0	6.7428345	0.00039282485	0.0023757364	 0.014322736	0.038145571	0.051862559	0.058904941	 0.07470504	0.077947268	0.087661428	 0.11015207	  0.1142699	0.087537888	0.082543319	 0.06634641	0.044207029	0.030681329	 0.018094993	0.014618778	 0.008335288	0.0069564158	0.0034836164	0.0033190854	0.00099857217	0.00064616842	0.00038143863	0.00078849627	0.00018104102	 0.0001400506	0	0	0	0	0	0	0	0	0	0	0	0	0	0	0	0	0	0	0	0	0	0	0	0	0	0	0	0	#_27        
 2022	7	1	0	0	7.2083126	0.00038497804	0.0025177251	  0.01634672	0.038713996	0.053737517	0.049704885	0.060591585	0.069934205	0.092952141	 0.11122531	 0.11323408	 0.10093457	0.082597325	0.063029605	0.047060049	0.040528967	 0.017068228	0.014109263	0.0089029428	0.0067352924	0.0032199584	0.0033121656	 0.0010200095	0.00067514417	0.00036570309	0.00077256081	0.00019327044	0.00013179898	0	0	0	0	0	0	0	0	0	0	0	0	0	0	0	0	0	0	0	0	0	0	0	0	0	0	0	0	#_28        
 2023	7	1	0	0	6.1525773	0.00037511387	0.0023909984	 0.014472909	0.038525323	0.055107189	0.054537468	0.057689975	0.077609086	0.087410699	 0.10878161	 0.11185585	0.090889669	0.085588717	0.075329494	0.047162108	0.034037353	 0.017458307	0.014790909	0.0089167106	0.0071053055	0.0033710892	0.0033922422	 0.0010802151	0.00063600134	0.00040825363	0.00075234305	0.00018403143	0.00014102025	0	0	0	0	0	0	0	0	0	0	0	0	0	0	0	0	0	0	0	0	0	0	0	0	0	0	0	0	#_29        
 1995	7	2	0	0	1.9638602	            0	           0	0.0042123933	0.022946458	0.031482097	0.057089015	 0.10109744	0.099988915	 0.11173928	 0.13734619	 0.13257954	0.090455604	0.060525441	0.033809999	 0.03114954	0.021727081	 0.011196098	 0.01263718	0.0058751801	 0.010530983	0.0041015408	           0	 0.0066511473	 0.0027713114	  0.003658131	            0	 0.0035472786	            0	0	0	0	0	0	0	0	0	0	0	0	0	0	0	0	0	0	0	0	0	0	0	0	0	0	0	0	0	#_30        
 1996	7	2	0	0	4.3750975	            0	           0	0.0044223802	0.024826764	0.032795179	 0.05692177	0.094997606	0.099203158	 0.10877519	 0.12978941	 0.15720455	0.087024673	0.061877185	0.028286971	0.030301661	 0.02108197	 0.009712071	0.013294244	0.0068255531	 0.010773623	0.0043139664	           0	 0.0064009324	 0.0025974143	 0.0026606557	            0	 0.0028729661	            0	0	0	0	0	0	0	0	0	0	0	0	0	0	0	0	0	0	0	0	0	0	0	0	0	0	0	0	0	#_31        
 1997	7	2	0	0	4.6857882	            0	           0	0.0047148201	0.022338852	0.035207469	0.054484298	0.087760605	 0.10626033	 0.11733697	 0.13583089	 0.10670108	 0.11099255	0.072607069	0.025563256	0.032400615	0.023649491	0.0099225795	0.016539566	 0.006512599	   0.0105721	 0.004105895	           0	 0.0055731145	  0.002731464	  0.002447299	            0	 0.0027778583	            0	0	0	0	0	0	0	0	0	0	0	0	0	0	0	0	0	0	0	0	0	0	0	0	0	0	0	0	0	#_32        
 1998	7	2	0	0	6.5661355	            0	           0	0.0037613565	0.024080527	0.040572964	0.058466648	0.085896656	  0.0971415	 0.12263853	 0.13605389	 0.13533474	0.085476064	0.069423833	0.025906724	0.036120791	0.018630265	0.0086733482	0.015167463	    0.006821	0.0087191121	0.0038921105	           0	 0.0056834402	 0.0029070971	  0.003046568	            0	 0.0025540613	            0	0	0	0	0	0	0	0	0	0	0	0	0	0	0	0	0	0	0	0	0	0	0	0	0	0	0	0	0	#_33        
 1999	7	2	0	0	6.4360675	            0	           0	0.0052355702	0.030327368	0.044624034	0.052714678	0.080924697	 0.13252442	 0.11299979	 0.12702418	 0.10535178	0.082143085	0.075543103	0.029998814	0.030216329	0.021876226	 0.010848369	0.018605896	0.0098611859	0.0086656141	0.0040202243	           0	 0.0051808112	 0.0028322579	 0.0030056615	            0	 0.0027029658	            0	0	0	0	0	0	0	0	0	0	0	0	0	0	0	0	0	0	0	0	0	0	0	0	0	0	0	0	0	#_34        
 2000	7	2	0	0	5.3671888	            0	           0	0.0036710568	0.019134868	0.031995941	0.067407203	 0.07763254	0.088443596	 0.11198373	 0.12375174	 0.16313929	 0.14040761	0.045657222	0.023701003	0.030139789	0.015822667	0.0090167755	0.014956463	 0.006517157	0.0077380928	0.0033204503	           0	 0.0048919926	 0.0024789945	  0.002718232	            0	 0.0028007276	            0	0	0	0	0	0	0	0	0	0	0	0	0	0	0	0	0	0	0	0	0	0	0	0	0	0	0	0	0	#_35        
 2001	7	2	0	0	5.7959494	            0	           0	 0.004540954	0.022332849	0.037812803	0.053544055	0.091487533	 0.10487166	0.098621882	 0.14534822	 0.13981213	0.085667472	0.065357572	0.035498349	0.033809627	 0.01910367	 0.010170028	 0.01531661	0.0065789804	0.0084511502	0.0041313384	           0	 0.0055612237	 0.0035533531	 0.0028421799	            0	 0.0027743294	            0	0	0	0	0	0	0	0	0	0	0	0	0	0	0	0	0	0	0	0	0	0	0	0	0	0	0	0	0	#_36        
 2002	7	2	0	0	4.9651357	            0	           0	0.0044963145	0.022063882	 0.03222973	0.066554054	 0.13182432	 0.10315725	 0.14494472	 0.11109337	0.091836609	0.087094595	0.066160934	 0.02781941	0.030251843	0.019993857	 0.009453317	0.014404177	0.0067874693	0.0087714988	0.0042076167	           0	 0.0062530713	 0.0030712531	 0.0023955774	            0	 0.0026105651	            0	0	0	0	0	0	0	0	0	0	0	0	0	0	0	0	0	0	0	0	0	0	0	0	0	0	0	0	0	#_37        
 2003	7	2	0	0	4.2052698	            0	           0	0.0039270065	0.026573853	0.043990238	0.059515225	 0.11122081	 0.12724499	 0.16888347	 0.11884741	0.089067613	0.068062566	0.061512008	0.023606412	0.026767985	0.015647013	0.0086138998	0.013971934	0.0062288535	0.0072771646	0.0038604471	           0	 0.0050030506	 0.0026845638	 0.0024848855	            0	   0.00234622	            0	0	0	0	0	0	0	0	0	0	0	0	0	0	0	0	0	0	0	0	0	0	0	0	0	0	0	0	0	#_38        
 2004	7	2	0	0	4.7774037	            0	           0	0.0042029023	0.023588415	0.041058464	0.066318634	0.095764603	 0.11780098	 0.12546711	 0.15244606	 0.10870253	0.073484518	0.057412586	0.024708619	 0.02941604	0.018739899	 0.010039079	0.014032477	0.0064561368	0.0091070008	 0.004091737	           0	 0.0058618301	 0.0030100134	 0.0026594153	            0	  0.002766305	            0	0	0	0	0	0	0	0	0	0	0	0	0	0	0	0	0	0	0	0	0	0	0	0	0	0	0	0	0	#_39        
 2005	7	2	0	0	  4.07395	            0	           0	0.0044289307	0.029643809	0.036114552	0.083338963	 0.11727658	 0.10107721	 0.10904928	 0.11600796	 0.09362309	0.095544796	0.075607101	0.026100664	0.029966595	0.019509815	 0.010149007	0.015050858	0.0075667155	0.0092482078	0.0038359044	           0	 0.0054123034	 0.0028149983	 0.0031227715	            0	 0.0027399317	            0	0	0	0	0	0	0	0	0	0	0	0	0	0	0	0	0	0	0	0	0	0	0	0	0	0	0	0	0	#_40        
 2006	7	2	0	0	 3.070289	            0	           0	0.0046559752	0.025598283	0.037324443	0.060623479	0.086202602	0.098216168	 0.14450767	 0.12007817	 0.12140024	0.083443506	0.075147056	0.026460501	0.034488705	 0.01812573	 0.011572877	0.014523577	0.0071659865	0.0095227146	0.0037937575	           0	 0.0055948344	 0.0030465023	 0.0025291717	            0	 0.0026632944	            0	0	0	0	0	0	0	0	0	0	0	0	0	0	0	0	0	0	0	0	0	0	0	0	0	0	0	0	0	#_41        
 2007	7	2	0	0	3.1195793	            0	           0	  0.00387632	0.024181716	0.034597062	0.076403355	 0.10453385	 0.13472929	 0.12784611	  0.1154926	 0.09337584	0.086873041	0.058815005	0.026373467	0.031137356	0.019598964	 0.010143641	0.015487166	0.0054703208	0.0093104135	0.0048363432	           0	 0.0054340935	 0.0027351604	 0.0026989331	            0	 0.0030793197	            0	0	0	0	0	0	0	0	0	0	0	0	0	0	0	0	0	0	0	0	0	0	0	0	0	0	0	0	0	#_42        
 2008	7	2	0	0	3.3609079	            0	           0	0.0043031736	0.024480554	0.039604208	0.055490925	0.078632992	0.092543251	 0.15437635	 0.15477665	 0.13272288	0.072028121	0.055828674	0.026306901	 0.03231133	0.016862436	0.0088940594	0.015336311	0.0067549818	0.0084061996	0.0039529153	           0	 0.0051287825	 0.0027270112	  0.003052251	            0	 0.0028145757	            0	0	0	0	0	0	0	0	0	0	0	0	0	0	0	0	0	0	0	0	0	0	0	0	0	0	0	0	0	#_43        
 2009	7	2	0	0	1.5616114	            0	           0	0.0041533783	0.025291107	0.035822888	0.059111474	0.096862716	  0.1324631	 0.13275977	 0.11636876	 0.11495958	0.084254246	0.063264852	0.024846102	0.031817845	0.016539346	 0.010902618	0.015130164	 0.007416747	0.0085292591	0.0045983831	           0	 0.0051917229	 0.0026700289	 0.0018541868	            0	 0.0029666988	            0	0	0	0	0	0	0	0	0	0	0	0	0	0	0	0	0	0	0	0	0	0	0	0	0	0	0	0	0	#_44        
 2010	7	2	0	0	2.4782026	            0	           0	0.0039829027	0.023703128	0.040670941	0.062301664	 0.10999935	 0.12019947	 0.13723204	 0.11560132	 0.10880124	0.076614209	0.056343501	0.025937439	0.031992747	0.022375494	0.0098763033	0.014830646	0.0067029337	 0.010329642	0.0040476653	           0	 0.0059581633	 0.0036914708	 0.0026876498	            0	 0.0036914708	            0	0	0	0	0	0	0	0	0	0	0	0	0	0	0	0	0	0	0	0	0	0	0	0	0	0	0	0	0	#_45        
 2011	7	2	0	0	2.4167112	            0	           0	0.0043835058	0.025918752	0.036316836	0.060069321	0.093684693	  0.1047454	 0.15197003	 0.13644936	  0.0996483	0.095774504	0.057928539	0.025995209	0.027549824	0.018349559	0.0090728376	0.014603191	0.0069575412	0.0099903155	0.0040521943	           0	 0.0056322952	 0.0021917529	 0.0031347163	            0	 0.0030072889	            0	0	0	0	0	0	0	0	0	0	0	0	0	0	0	0	0	0	0	0	0	0	0	0	0	0	0	0	0	#_46        
 2012	7	2	0	0	 1.935541	            0	           0	0.0054190604	0.024569124	0.034388624	0.056839017	0.082019313	 0.11612272	 0.11449293	 0.11722283	  0.1650165	0.086704967	0.057205721	0.025180296	 0.03198468	0.017846229	0.0096565212	0.015197816	0.0062339567	 0.010023225	0.0045634193	           0	 0.0066821497	 0.0029336267	 0.0030151163	            0	 0.0026891578	            0	0	0	0	0	0	0	0	0	0	0	0	0	0	0	0	0	0	0	0	0	0	0	0	0	0	0	0	0	#_47        
 2013	7	2	0	0	2.1944468	            0	           0	0.0051269359	 0.04037904	0.039424369	0.060992858	 0.11144898	  0.1009476	 0.12170285	 0.11289866	 0.10717064	0.094158829	0.062760767	0.027685454	 0.03164557	0.021391698	 0.010890319	0.016653702	0.0062937557	0.0084152464	0.0034651015	           0	 0.0051976522	 0.0027225797	 0.0033943851	            0	 0.0029347288	            0	0	0	0	0	0	0	0	0	0	0	0	0	0	0	0	0	0	0	0	0	0	0	0	0	0	0	0	0	#_48        
 2014	7	2	0	0	2.2697767	            0	           0	 0.004731699	0.023041317	0.044848277	0.069055375	0.093913938	 0.11469227	 0.10663466	 0.12652152	 0.11554946	0.085582033	0.076598663	0.025510029	0.027773016	0.017623864	 0.010080576	0.019063947	0.0087433568	  0.00840048	0.0047659866	           0	 0.0057260415	  0.003154466	 0.0031201783	            0	 0.0021601234	            0	0	0	0	0	0	0	0	0	0	0	0	0	0	0	0	0	0	0	0	0	0	0	0	0	0	0	0	0	#_49        
 2015	7	2	0	0	2.1175068	            0	           0	0.0049928032	0.022490104	0.040482188	0.063826916	0.084202951	  0.1122706	 0.13134221	 0.12171644	 0.11002159	 0.10421914	0.056360202	0.024784095	0.031935948	0.021770421	 0.013584023	0.014933429	0.0067020511	  0.01084023	0.0040482188	           0	 0.0068819719	 0.0035984167	 0.0027887729	            0	 0.0030586542	            0	0	0	0	0	0	0	0	0	0	0	0	0	0	0	0	0	0	0	0	0	0	0	0	0	0	0	0	0	#_50        
 2016	7	2	0	0	2.4584513	            0	           0	0.0045062479	0.024825832	0.038759261	0.058995908	 0.10245494	 0.11992702	 0.13303107	 0.10712706	 0.11605662	0.084153489	 0.06623908	0.028198607	 0.03433595	0.017665598	0.0095930554	0.015868628	0.0060544067	0.0095654097	0.0048103505	           0	 0.0058055955	 0.0030410262	 0.0029027977	            0	 0.0027645693	            0	0	0	0	0	0	0	0	0	0	0	0	0	0	0	0	0	0	0	0	0	0	0	0	0	0	0	0	0	#_51        
 2017	7	2	0	0	2.6146365	            0	           0	0.0042784821	0.023990861	0.035907889	 0.06198199	0.084494422	 0.10021952	 0.11558622	 0.15055329	0.085323238	 0.12642803	0.068881323	0.028090139	0.035079074	0.017091528	0.0089825725	0.014941087	0.0078849514	0.0092513776	0.0038976748	           0	 0.0055329062	 0.0028672551	 0.0031360602	            0	 0.0030240581	            0	0	0	0	0	0	0	0	0	0	0	0	0	0	0	0	0	0	0	0	0	0	0	0	0	0	0	0	0	#_52        
 2018	7	2	0	0	3.2677989	            0	           0	0.0038462925	0.019880525	0.034400279	0.055879419	0.063091217	0.080724065	 0.13591836	 0.15650805	 0.12190343	0.086589661	0.078933135	0.031203048	0.045205957	0.024820607	0.0099883409	0.014351479	 0.006298304	0.0097118886	0.0039424498	           0	 0.0062862844	 0.0027645228	 0.0023197952	            0	 0.0029327981	            0	0	0	0	0	0	0	0	0	0	0	0	0	0	0	0	0	0	0	0	0	0	0	0	0	0	0	0	0	#_53        
 2019	7	2	0	0	3.5139745	            0	           0	0.0042532963	0.023918537	0.035627611	0.056768996	 0.13945808	0.088318447	 0.10792114	 0.13217744	0.093810203	0.093547499	0.068403012	0.027946659	0.033250769	0.029360254	0.0098326203	 0.01721334	0.0063924542	0.0099076785	0.0042032575	           0	 0.0063924542	 0.0029898171	 0.0028772299	            0	 0.0024894293	            0	0	0	0	0	0	0	0	0	0	0	0	0	0	0	0	0	0	0	0	0	0	0	0	0	0	0	0	0	#_54        
 2020	7	2	0	0	3.2441504	            0	           0	0.0041694097	0.022753456	0.032395216	 0.06040158	0.084224819	 0.12299759	 0.12166722	 0.13517665	 0.10939214	0.088119925	0.069837612	0.025715932	 0.03856704	0.019201229	 0.010793834	0.016129032	 0.007214176	0.0091891595	0.0048003072	           0	 0.0061855387	 0.0028116085	 0.0028801843	            0	 0.0026333114	            0	0	0	0	0	0	0	0	0	0	0	0	0	0	0	0	0	0	0	0	0	0	0	0	0	0	0	0	0	#_55        
 2021	7	2	0	0	2.4506497	            0	           0	0.0048239614	0.024647803	0.034199726	0.057863537	0.097751218	 0.10744714	 0.12424701	 0.13180695	 0.11416709	0.093359253	 0.06369549	0.027239782	0.033887729	 0.02003984	  0.01123191	0.016583867	0.0069119447	0.0096719226	0.0038639691	           0	 0.0058079535	 0.0025439796	 0.0030239758	            0	 0.0027839777	            0	0	0	0	0	0	0	0	0	0	0	0	0	0	0	0	0	0	0	0	0	0	0	0	0	0	0	0	0	#_56        
 2022	7	2	0	0	3.8758676	            0	           0	0.0044426527	0.024374118	 0.03648458	0.061076396	0.093126386	  0.1094618	 0.12601492	 0.13362629	 0.11098569	0.091578311	 0.06390647	0.027268696	0.033573876	0.020020157	 0.010280185	0.015125983	0.0068937714	0.0090143116	0.0045394074	           0	 0.0062084257	 0.0030074582	 0.0027171941	            0	 0.0033219109	            0	0	0	0	0	0	0	0	0	0	0	0	0	0	0	0	0	0	0	0	0	0	0	0	0	0	0	0	0	#_57        
 2023	7	2	0	0	4.1250372	            0	           0	0.0041805124	  0.0247079	0.040358023	0.066781005	0.085271733	 0.10386965	 0.13886805	 0.12847036	 0.10831815	0.093525565	0.061582163	0.025619037	0.035373566	 0.01918748	 0.010129703	0.015221353	 0.006860328	0.0095401436	0.0039125308	           0	 0.0063243649	 0.0030013935	 0.0033765677	            0	 0.0022510451	            0	0	0	0	0	0	0	0	0	0	0	0	0	0	0	0	0	0	0	0	0	0	0	0	0	0	0	0	0	#_58        
 1995	7	3	0	0	2.2090214	            0	           0	 0.032127793	0.030063717	0.044691735	0.024050974	0.041281522	0.092255227	0.040743067	0.098806426	0.072063179	0.067576057	0.067755542	0.074665709	0.039576416	0.061922283	  0.03347393	0.037781567	 0.031050884	 0.028717581	 0.020371534	 0.021627928	            0	  0.018217715	            0	  0.021179216	            0	            0	0	0	0	0	0	0	0	0	0	0	0	0	0	0	0	0	0	0	0	0	0	0	0	0	0	0	0	0	#_59        
 1996	7	3	0	0	2.2285243	            0	           0	 0.022624819	0.028068385	0.041138612	0.033412719	 0.03834595	0.096098778	0.042456976	0.083482181	0.092058632	0.064968388	0.073814182	0.063409033	0.036389669	0.072410762	 0.034078988	0.030634232	 0.034362507	 0.034858666	 0.018655553	 0.024680332	            0	  0.018442913	            0	  0.015607723	            0	            0	0	0	0	0	0	0	0	0	0	0	0	0	0	0	0	0	0	0	0	0	0	0	0	0	0	0	0	0	#_60        
 1997	7	3	0	0	3.2982774	            0	           0	 0.027995235	0.027396223	 0.04070532	0.020490364	0.049724936	 0.10286493	0.036587969	0.085844711	0.070538905	  0.0644455	0.082092275	0.061911745	0.035644696	0.051742301	 0.028360151	0.062634692	 0.029778503	  0.04495349	 0.015822197	 0.020931017	            0	  0.019843155	            0	  0.019691681	            0	            0	0	0	0	0	0	0	0	0	0	0	0	0	0	0	0	0	0	0	0	0	0	0	0	0	0	0	0	0	#_61        
 1998	7	3	0	0	 3.721965	            0	           0	 0.037091354	0.035226108	0.050860007	 0.02420549	0.047812963	0.089061966	0.040252307	0.088663287	0.062763413	0.069384326	0.091596423	0.068202529	0.029829707	0.046930174	 0.042900672	 0.03598075	  0.03105422	 0.036037704	 0.016986559	 0.020503474	            0	  0.019079622	            0	  0.015576945	            0	            0	0	0	0	0	0	0	0	0	0	0	0	0	0	0	0	0	0	0	0	0	0	0	0	0	0	0	0	0	#_62        
 1999	7	3	0	0	 2.915085	            0	           0	 0.023265289	0.024487634	0.034796072	0.014708878	0.038177892	 0.06735118	0.043270994	 0.11278165	0.085808581	0.092775944	 0.13959174	0.060343071	0.029417757	0.050808785	 0.029091798	0.032229149	  0.02530253	 0.031862446	 0.013364299	 0.020535387	            0	   0.01540154	            0	  0.014627389	            0	            0	0	0	0	0	0	0	0	0	0	0	0	0	0	0	0	0	0	0	0	0	0	0	0	0	0	0	0	0	#_63        
 2000	7	3	0	0	2.9406747	            0	           0	 0.034112748	0.034553171	0.050808776	0.024303331	0.037195708	0.091407751	0.039037476	0.095611787	0.072269379	0.088965407	0.075952915	0.071588725	0.037275785	0.038877322	 0.031790519	0.038757207	 0.030269058	 0.033632287	 0.013733184	 0.023502562	            0	   0.01689622	            0	   0.01945868	            0	            0	0	0	0	0	0	0	0	0	0	0	0	0	0	0	0	0	0	0	0	0	0	0	0	0	0	0	0	0	#_64        
 2001	7	3	0	0	2.0313554	            0	           0	 0.048825316	0.036359278	0.054419051	0.017979863	0.038117309	 0.10612114	0.028528049	0.093495285	0.078072559	0.062170369	 0.08790155	0.061531085	0.042752118	0.050982899	 0.035480262	0.029007512	 0.025731181	 0.025811092	 0.019498162	  0.02389324	            0	  0.016781205	            0	  0.016541474	            0	            0	0	0	0	0	0	0	0	0	0	0	0	0	0	0	0	0	0	0	0	0	0	0	0	0	0	0	0	0	#_65        
 2002	7	3	0	0	2.3522848	            0	           0	 0.031362577	0.028678392	 0.09726637	0.023274705	0.050081232	0.078547715	0.038002402	0.084445857	0.060853288	0.082503355	0.073426573	0.065621247	 0.03030303	0.046408137	 0.065585929	0.029384757	  0.02217984	 0.024864025	 0.016387653	 0.020731793	            0	  0.015540016	            0	  0.014551105	            0	            0	0	0	0	0	0	0	0	0	0	0	0	0	0	0	0	0	0	0	0	0	0	0	0	0	0	0	0	0	#_66        
 2003	7	3	0	0	2.0983636	            0	           0	 0.029386112	0.032941966	0.054612546	0.026970815	0.050721234	0.068835961	0.035155988	0.096142234	0.072861456	0.070647434	0.082522643	0.093525663	0.030929218	0.049714861	 0.036229453	0.038376384	 0.026434083	 0.028178464	 0.015498155	 0.024555518	            0	   0.01952365	            0	  0.016236162	            0	            0	0	0	0	0	0	0	0	0	0	0	0	0	0	0	0	0	0	0	0	0	0	0	0	0	0	0	0	0	#_67        
 2004	7	3	0	0	2.0637321	            0	           0	  0.02739726	0.026761459	0.046760303	0.020461245	0.038032484	0.090572799	0.031038668	  0.0906884	0.074562164	0.087451592	0.097046414	0.071729958	0.036818681	 0.06358014	  0.03658748	0.032194671	 0.026010057	 0.024044853	 0.016010635	 0.024969655	            0	  0.019536443	            0	  0.017744639	            0	            0	0	0	0	0	0	0	0	0	0	0	0	0	0	0	0	0	0	0	0	0	0	0	0	0	0	0	0	0	#_68        
 2005	7	3	0	0	2.4511573	            0	           0	 0.023361144	 0.03170441	0.045768772	0.021871275	0.050506555	 0.11689511	 0.03840882	0.093682956	0.074046484	0.091626937	0.077234803	0.064839094	0.033879619	0.044576877	 0.030661502	 0.03352205	 0.031346841	 0.024821216	 0.015673421	 0.023152563	            0	  0.017073897	            0	   0.01534565	            0	            0	0	0	0	0	0	0	0	0	0	0	0	0	0	0	0	0	0	0	0	0	0	0	0	0	0	0	0	0	#_69        
 2006	7	3	0	0	2.0886037	            0	           0	 0.025939621	0.031403499	 0.04762956	0.022297036	0.041448204	0.098791324	0.039350958	0.094376069	0.066670346	0.080357636	0.086483802	0.050665048	0.040454771	0.084000221	 0.033776698	0.032010597	  0.02500138	 0.025442905	 0.016557205	  0.02582924	            0	  0.017881782	            0	  0.013632099	            0	            0	0	0	0	0	0	0	0	0	0	0	0	0	0	0	0	0	0	0	0	0	0	0	0	0	0	0	0	0	#_70        
 2007	7	3	0	0	2.1169119	            0	           0	 0.023222579	0.033642968	0.046861975	0.025663928	0.043825176	 0.10194117	0.034952959	 0.10188162	0.065023223	0.079016315	0.085089913	0.066035489	 0.03507205	 0.04704061	 0.032987972	0.040431106	  0.02768846	 0.029534358	 0.017208527	 0.024056211	            0	  0.018994879	            0	   0.01982851	            0	            0	0	0	0	0	0	0	0	0	0	0	0	0	0	0	0	0	0	0	0	0	0	0	0	0	0	0	0	0	#_71        
 2008	7	3	0	0	1.8955339	            0	           0	 0.034440697	0.034942958	0.054459353	0.019803401	0.040109062	0.083805697	0.043696635	 0.11135826	0.071966707	0.078711344	0.084594963	0.072253713	0.033149171	0.045131664	 0.031857645	 0.02568702	 0.022386453	 0.035086461	 0.013489273	 0.024108488	            0	  0.020449164	            0	  0.018511875	            0	            0	0	0	0	0	0	0	0	0	0	0	0	0	0	0	0	0	0	0	0	0	0	0	0	0	0	0	0	0	#_72        
 2009	7	3	0	0	1.7137774	            0	           0	 0.037460199	0.032309421	  0.0660236	0.028750702	0.044858588	0.081288631	0.043266529	0.078666417	 0.06218393	 0.10254729	0.077074358	0.071455329	0.034837985	0.049447462	 0.040457014	0.025753886	 0.026877692	 0.027064993	 0.014422176	  0.02453643	            0	  0.016107885	            0	  0.014609477	            0	            0	0	0	0	0	0	0	0	0	0	0	0	0	0	0	0	0	0	0	0	0	0	0	0	0	0	0	0	0	#_73        
 2010	7	3	0	0	2.1266455	            0	           0	 0.025769407	0.031051906	0.050757924	0.020027561	0.048231511	0.090169959	0.039779513	 0.13426734	0.053468075	0.081763895	0.068672485	0.062517226	0.030454754	0.046072577	 0.027193385	0.044418925	 0.027606798	 0.043638034	 0.014561323	 0.022186495	            0	  0.022921452	            0	  0.014469453	            0	            0	0	0	0	0	0	0	0	0	0	0	0	0	0	0	0	0	0	0	0	0	0	0	0	0	0	0	0	0	#_74        
 2011	7	3	0	0	1.7128768	            0	           0	 0.036884357	0.033738338	0.050661749	 0.02581905	0.047624213	 0.07431113	0.038511608	  0.1006726	0.067802126	0.074094164	0.066934259	0.059991321	0.033629855	0.072466913	 0.037209807	0.038511608	 0.033195921	 0.038186158	 0.015404643	 0.021588197	            0	  0.016489477	            0	   0.01627251	            0	            0	0	0	0	0	0	0	0	0	0	0	0	0	0	0	0	0	0	0	0	0	0	0	0	0	0	0	0	0	#_75        
 2012	7	3	0	0	1.7234761	            0	           0	 0.032657926	0.027651967	0.043702821	0.020977354	0.052681764	 0.11386571	0.037028208	 0.11473977	0.061422328	0.075248311	0.068970997	0.061501788	0.032975765	0.038140644	  0.03655145	0.034564958	 0.030830354	 0.032260628	 0.021295193	 0.024711959	            0	  0.018990862	            0	  0.019229241	            0	            0	0	0	0	0	0	0	0	0	0	0	0	0	0	0	0	0	0	0	0	0	0	0	0	0	0	0	0	0	#_76        
 2013	7	3	0	0	1.5221531	            0	           0	  0.02763572	0.036782061	0.053009441	 0.02104642	0.040420928	0.093725413	0.035798584	 0.12106609	0.071597168	0.061369001	0.071695515	0.067269866	0.045338316	0.044551534	 0.044354839	0.039240755	 0.023308419	 0.028422502	 0.018587726	 0.020062943	            0	  0.019767899	            0	  0.014948859	            0	            0	0	0	0	0	0	0	0	0	0	0	0	0	0	0	0	0	0	0	0	0	0	0	0	0	0	0	0	0	#_77        
 2014	7	3	0	0	1.8310829	            0	           0	 0.025044236	 0.02824282	0.068123043	0.024159521	0.045256567	 0.13359194	0.033414999	 0.10337553	0.058459235	0.070641078	0.060500885	0.058459235	 0.03123724	0.050428746	 0.038995508	 0.03232612	 0.025656731	 0.034708044	 0.017694297	 0.020008167	            0	  0.021981761	            0	  0.017694297	            0	            0	0	0	0	0	0	0	0	0	0	0	0	0	0	0	0	0	0	0	0	0	0	0	0	0	0	0	0	0	#_78        
 2015	7	3	0	0	1.9068199	            0	           0	 0.033371124	0.034455563	0.054517671	0.021688766	0.049539114	0.081332873	0.042933899	0.087740918	0.064129738	0.077093705	0.068221028	 0.12308375	0.034849904	0.036920195	 0.036230098	0.030561443	 0.024153399	 0.027801055	 0.018928378	 0.022970375	            0	  0.013900527	            0	  0.015576478	            0	            0	0	0	0	0	0	0	0	0	0	0	0	0	0	0	0	0	0	0	0	0	0	0	0	0	0	0	0	0	#_79        
 2016	7	3	0	0	1.9692614	            0	           0	 0.028387585	0.030232778	0.048826646	0.024744512	0.043101817	0.067846329	0.036809235	0.087244512	0.054788039	0.084216503	 0.17221802	0.063872067	0.029049962	 0.03652536	  0.03009084	0.034869417	  0.02758327	 0.029475776	 0.017032551	 0.022047691	            0	  0.016228236	            0	  0.014808857	            0	            0	0	0	0	0	0	0	0	0	0	0	0	0	0	0	0	0	0	0	0	0	0	0	0	0	0	0	0	0	#_80        
 2017	7	3	0	0	2.0786673	            0	           0	 0.020018357	0.028104375	0.055815377	0.021067354	0.052755802	0.090607107	0.052406137	0.095458718	0.059355741	0.055815377	0.074435071	 0.09344814	0.029328205	0.061235194	 0.026924254	0.042222125	 0.025088509	 0.037283098	 0.017658114	 0.031819573	            0	  0.014074042	            0	   0.01507933	            0	            0	0	0	0	0	0	0	0	0	0	0	0	0	0	0	0	0	0	0	0	0	0	0	0	0	0	0	0	0	#_81        
 2018	7	3	0	0	2.2719933	            0	           0	  0.02512094	0.039910159	0.044885971	0.019073946	0.045818936	0.088147892	0.036109191	  0.1272633	0.070905321	0.078852799	0.070767104	0.069937802	0.036316517	0.043780235	 0.030373186	0.033102972	 0.043020041	 0.030269523	 0.015100207	 0.018348307	            0	    0.0191085	            0	  0.013787146	            0	            0	0	0	0	0	0	0	0	0	0	0	0	0	0	0	0	0	0	0	0	0	0	0	0	0	0	0	0	0	#_82        
 2019	7	3	0	0	2.6761687	            0	           0	 0.025607075	0.028005396	0.053337664	0.019086639	0.059658239	0.083041871	0.039522334	0.090811432	0.070275807	0.066853203	 0.10120416	0.065254322	0.046892175	0.042145498	  0.03480064	0.041620865	 0.031827721	 0.026031778	 0.017337863	 0.021734786	            0	  0.016988108	            0	  0.017962426	            0	            0	0	0	0	0	0	0	0	0	0	0	0	0	0	0	0	0	0	0	0	0	0	0	0	0	0	0	0	0	#_83        
 2020	7	3	0	0	 2.473422	            0	           0	 0.030464311	0.032292823	0.047704565	0.021191145	0.051524848	0.084666623	 0.04156599	0.089923594	0.088160387	0.069907921	0.072846601	0.071409913	0.032292823	0.045876053	 0.033533599	0.045810749	 0.028341932	 0.034219291	 0.016130086	 0.025272644	            0	  0.018415725	            0	  0.018448377	            0	            0	0	0	0	0	0	0	0	0	0	0	0	0	0	0	0	0	0	0	0	0	0	0	0	0	0	0	0	0	#_84        
 2021	7	3	0	0	2.1971962	            0	           0	 0.028138244	0.031895836	0.045265871	 0.02180277	0.052912134	0.092847468	 0.04465417	 0.10962555	0.062043955	0.065452003	0.076812164	0.062131341	0.034561105	0.052649976	 0.031721064	0.040284878	 0.035216498	 0.035434963	 0.016996548	 0.023550487	            0	  0.018394722	            0	  0.017608249	            0	            0	0	0	0	0	0	0	0	0	0	0	0	0	0	0	0	0	0	0	0	0	0	0	0	0	0	0	0	0	#_85        
 2022	7	3	0	0	2.8558977	            0	           0	 0.024464945	0.030627306	 0.05396679	0.020424354	0.050498155	0.080719557	0.050350554	0.097509225	0.064538745	0.073892989	0.074686347	0.065682657	0.037306273	 0.05998155	  0.03797048	0.037527675	 0.026586716	 0.030387454	 0.018487085	 0.025627306	            0	  0.020738007	            0	   0.01802583	            0	            0	0	0	0	0	0	0	0	0	0	0	0	0	0	0	0	0	0	0	0	0	0	0	0	0	0	0	0	0	#_86        
 2023	7	3	0	0	3.0672866	            0	           0	 0.026410173	0.024127812	0.044343006	0.016954679	0.047929573	 0.10401043	0.033257255	0.093902837	0.072383437	0.075643952	0.066188458	0.074339746	0.037495924	0.050211933	 0.036191718	0.037495924	 0.038148027	 0.034235409	 0.014672318	 0.030648843	            0	  0.021193349	            0	  0.020215194	            0	            0	0	0	0	0	0	0	0	0	0	0	0	0	0	0	0	0	0	0	0	0	0	0	0	0	0	0	0	0	#_87        
 1995	7	4	0	0	25.834613	 0.0011111699	0.0027514683	 0.008254405	0.017884544	0.030848193	0.037938515	0.050055558	0.058098312	0.076194508	0.096142653	 0.10995291	 0.12333986	 0.11270438	0.090745542	0.065188634	0.043864755	 0.027726335	0.017672893	 0.012222869	0.0080427536	0.0039155511	0.0022752527	 0.0010582571	0.00095243135	0.00058204138	0.00026456426	0.00021165141	            0	0	0	0	0	0	0	0	0	0	0	0	0	0	0	0	0	0	0	0	0	0	0	0	0	0	0	0	0	#_88        
 1996	7	4	0	0	32.871911	0.00097621294	0.0031238814	0.0081676483	0.019849663	0.029253848	0.038332628	0.046500277	0.061436335	0.074842992	0.093586281	 0.10930331	  0.1237838	 0.11545345	0.092935472	0.061891901	0.043539097	 0.028537958	0.019426638	 0.012918551	0.0073541375	0.0039048518	0.0021476685	 0.0011389151	0.00074842992	0.00055318734	0.00019524259	6.5080863e-05	3.2540431e-05	0	0	0	0	0	0	0	0	0	0	0	0	0	0	0	0	0	0	0	0	0	0	0	0	0	0	0	0	#_89        
 1997	7	4	0	0	38.913732	0.00085824963	0.0031546473	0.0084433207	0.018046438	0.030920183	0.039641855	0.049175384	0.058360975	0.072997611	0.095010554	 0.11043585	 0.12003897	 0.11523741	0.093479622	0.065992438	0.042425367	  0.02688409	0.019414998	 0.012015495	0.0073067199	0.0040592888	0.0025979448	 0.0013917562	 0.0010438171	0.00046391872	0.00044072279	0.00011597968	4.6391872e-05	0	0	0	0	0	0	0	0	0	0	0	0	0	0	0	0	0	0	0	0	0	0	0	0	0	0	0	0	#_90        
 1998	7	4	0	0	42.362893	0.00077076948	 0.003028023	0.0081664862	0.019397699	0.029986603	0.039511112	 0.04947606	0.058229799	0.072966178	0.094364207	 0.10990806	 0.12102916	 0.11943257	0.091024206	0.062799361	0.043823751	 0.028004625	0.018792094	 0.012277257	0.0069919803	0.0037804408	 0.002495825	  0.001431429	0.00088087941	0.00066065956	0.00055054963	0.00016516489	5.5054963e-05	0	0	0	0	0	0	0	0	0	0	0	0	0	0	0	0	0	0	0	0	0	0	0	0	0	0	0	0	#_91        
 1999	7	4	0	0	46.390858	0.00083107609	0.0026933021	0.0096189362	0.019083969	0.031088402	0.039414553	0.047771485	 0.05937577	0.073319379	 0.09555836	 0.11081015	 0.12375339	 0.11465772	0.090279488	0.063900517	0.044200936	   0.0263328	0.019037799	 0.011465772	0.0072026594	0.0040322581	0.0023854962	 0.0013235656	0.00086185669	0.00047709924	0.00046170894	3.0780596e-05	3.0780596e-05	0	0	0	0	0	0	0	0	0	0	0	0	0	0	0	0	0	0	0	0	0	0	0	0	0	0	0	0	#_92        
 2000	7	4	0	0	57.139791	0.00091264156	0.0028164315	0.0086161214	0.018714059	0.031412534	0.038173932	 0.04710408	0.059930129	0.073501992	0.094787148	 0.11036094	 0.12116543	  0.1160723	0.093158132	0.064640537	0.042609566	 0.027889541	0.019194913	 0.011736767	0.0073894526	0.0040823536	0.0024631509	 0.0012659222	0.00097152166	0.00050048085	0.00042197405	6.8693451e-05	  3.92534e-05	0	0	0	0	0	0	0	0	0	0	0	0	0	0	0	0	0	0	0	0	0	0	0	0	0	0	0	0	#_93        
 2001	7	4	0	0	55.551859	0.00086478225	0.0031373495	0.0082154313	0.020050881	0.029322151	0.038935312	0.047301578	0.058634247	0.074693053	0.096322664	 0.11156697	 0.12134102	 0.11598138	0.092893702	0.062938047	0.042132995	 0.027331141	0.018763764	 0.011905839	0.0079137631	 0.004072521	0.0025139019	 0.0013474514	0.00084467103	0.00062344767	0.00023127897	 8.044486e-05	 4.022243e-05	0	0	0	0	0	0	0	0	0	0	0	0	0	0	0	0	0	0	0	0	0	0	0	0	0	0	0	0	#_94        
 2002	7	4	0	0	67.603575	0.00083305051	0.0027151276	0.0086575545	0.019246552	 0.03141526	0.039097837	 0.04674339	0.058942951	0.073419518	0.094400049	 0.11175835	 0.12233501	 0.11576934	0.093030144	0.064002962	0.042837308	 0.026990836	0.019073771	 0.012230416	0.0073370152	0.0038320323	0.0021103946	 0.0013637345	0.00087624572	0.00049365956	0.00036407393	8.0219679e-05	4.3195212e-05	0	0	0	0	0	0	0	0	0	0	0	0	0	0	0	0	0	0	0	0	0	0	0	0	0	0	0	0	#_95        
 2003	7	4	0	0	46.536037	 0.0008847861	0.0029050477	0.0088036217	0.019553773	0.031306682	0.038488195	0.046746199	0.061581113	0.073260289	0.093949538	 0.11073098	 0.12112722	 0.11522864	0.092828809	0.064338696	0.043546223	 0.027251412	0.018713226	 0.011133558	0.0077566248	 0.003966791	0.0025806261	 0.0014009113	0.00087003967	0.00051612523	0.00042764662	 8.847861e-05	1.4746435e-05	0	0	0	0	0	0	0	0	0	0	0	0	0	0	0	0	0	0	0	0	0	0	0	0	0	0	0	0	#_96        
 2004	7	4	0	0	63.373815	0.00081942404	0.0027166491	0.0086888477	0.019075601	0.029639527	0.039406176	0.047246071	0.059013295	 0.07370387	0.095267272	 0.11050413	 0.12296528	 0.11520659	0.093908948	0.064313714	 0.04244026	 0.027587276	0.018610523	 0.011560523	0.0074929315	 0.004237382	0.0024656543	 0.0013287957	0.00085633503	 0.0005241361	0.00027314135	7.3821986e-05	7.3821986e-05	0	0	0	0	0	0	0	0	0	0	0	0	0	0	0	0	0	0	0	0	0	0	0	0	0	0	0	0	#_97        
 2005	7	4	0	0	41.682699	0.00087885214	0.0026938729	0.0090559982	0.019296536	0.031428517	0.037618693	0.045528362	0.058711144	0.072123192	0.094495711	 0.11375404	 0.12397547	 0.11384956	0.094400183	0.062723295	  0.0428727	 0.028276112	0.018933532	 0.012151086	0.0077568254	0.0038210963	0.0023881852	 0.0013373837	0.00085974666	0.00072600829	0.00024837126	3.8210963e-05	5.7316444e-05	0	0	0	0	0	0	0	0	0	0	0	0	0	0	0	0	0	0	0	0	0	0	0	0	0	0	0	0	#_98        
 2006	7	4	0	0	47.647312	0.00076728194	0.0030691278	0.0083677163	0.019775606	0.030662324	0.040173724	0.048222946	0.059572928	0.072385089	0.095953674	 0.11148751	 0.12027506	 0.11451321	0.092580528	0.064147666	 0.04344553	 0.026391603	0.019109663	 0.011451321	0.0074701412	0.0043286283	 0.002446616	 0.0012160695	0.00096996019	0.00057908071	0.00043431053	8.6862106e-05	0.00011581614	0	0	0	0	0	0	0	0	0	0	0	0	0	0	0	0	0	0	0	0	0	0	0	0	0	0	0	0	#_99        
 2007	7	4	0	0	36.025031	0.00097764625	0.0025101728	0.0081646673	0.019288696	0.032130212	0.040611954	0.048168895	0.058394546	0.074089732	0.092506474	  0.1124029	 0.11943138	  0.1144903	0.092268668	0.064234001	0.043412778	 0.028193204	0.019288696	 0.011995984	0.0072662897	0.0046240025	0.0022987898	 0.0011890292	0.00084553189	 0.0005548803	0.00026422872	0.00023780584	0.00015853723	0	0	0	0	0	0	0	0	0	0	0	0	0	0	0	0	0	0	0	0	0	0	0	0	0	0	0	0	#_100       
 2008	7	4	0	0	38.958117	0.00085797254	0.0032118972	0.0082277367	0.020151355	0.030161035	0.040170715	0.046374516	0.060102077	0.071739704	0.097214889	 0.11017247	 0.12310806	 0.11503432	0.091297078	0.061950018	0.042832629	 0.027543119	0.020085357	 0.010999648	0.0080517423	 0.004311862	0.0026839141	 0.0013639564	0.00094596973	0.00094596973	0.00030799014	0.00013199578	2.1999296e-05	0	0	0	0	0	0	0	0	0	0	0	0	0	0	0	0	0	0	0	0	0	0	0	0	0	0	0	0	#_101       
 2009	7	4	0	0	51.134281	0.00075303095	0.0026230578	0.0089736188	0.019880017	0.030472652	0.038128467	0.046976581	0.060443284	0.073583674	0.094116318	 0.11093401	 0.12155175	 0.11456111	0.091631316	0.066342027	0.042370541	 0.028815984	0.019001481	  0.01144607	0.0071914456	0.0039032104	0.0027611135	 0.0014935114	0.00099149075	0.00048947012	0.00036396496	0.00015060619	5.0202063e-05	0	0	0	0	0	0	0	0	0	0	0	0	0	0	0	0	0	0	0	0	0	0	0	0	0	0	0	0	#_102       
 2010	7	4	0	0	45.462154	0.00077192757	0.0028625647	0.0084429578	0.019378598	0.030780612	0.038644624	0.048374128	0.061078769	0.073124055	0.095349136	 0.10686372	 0.12281689	 0.11522627	0.092631308	0.062622624	0.044659226	 0.028287929	0.018445852	 0.012029205	0.0069955936	0.0043742562	0.0024766009	 0.0013830369	 0.0010614004	0.00057894568	0.00054678203	0.00012865459	6.4327297e-05	0	0	0	0	0	0	0	0	0	0	0	0	0	0	0	0	0	0	0	0	0	0	0	0	0	0	0	0	#_103       
 2011	7	4	0	0	58.182373	 0.0007821097	0.0026919124	0.0080757373	0.019580025	0.031111596	0.040351404	0.047544994	0.058649133	0.074054875	0.094635273	 0.11324221	 0.12084504	 0.11464273	0.092961922	0.063014396	0.042679544	 0.027337462	0.018888859	 0.011795306	0.0073118162	0.0040833402	0.0024372721	 0.0014550878	0.00084576979	0.00050018643	0.00025464037	0.00017279168	5.4565793e-05	0	0	0	0	0	0	0	0	0	0	0	0	0	0	0	0	0	0	0	0	0	0	0	0	0	0	0	0	#_104       
 2012	7	4	0	0	69.759729	0.00088891488	 0.002637504	0.0086025907	0.018807567	0.032129594	0.039311091	0.046814234	0.058276558	0.073873505	0.094757157	 0.11124887	 0.12183982	 0.11747127	0.092131349	0.062387789	0.043252727	 0.027743501	0.018795871	 0.012093921	 0.007204889	0.0041346238	0.0023450978	 0.0013567648	0.00085382614	0.00049124243	0.00043276119	6.4329366e-05	5.2633118e-05	0	0	0	0	0	0	0	0	0	0	0	0	0	0	0	0	0	0	0	0	0	0	0	0	0	0	0	0	#_105       
 2013	7	4	0	0	67.244935	0.00089850102	0.0028093976	 0.008137129	0.019539233	0.031384261	0.039717542	0.047272543	0.059781955	0.073847926	0.094696946	 0.11200891	 0.12046874	 0.11622301	0.091919186	0.063167153	0.043286236	 0.027410609	0.018609095	 0.011421087	0.0074980543	0.0042204238	0.0024424042	 0.0012591669	 0.0008352263	0.00063907467	0.00034801096	8.8584608e-05	6.9602192e-05	0	0	0	0	0	0	0	0	0	0	0	0	0	0	0	0	0	0	0	0	0	0	0	0	0	0	0	0	#_106       
 2014	7	4	0	0	71.884316	0.00086325035	0.0028055636	0.0084436675	0.019099414	0.030057298	0.039849794	0.047403235	0.058825116	0.074352832	0.094277729	 0.11342031	   0.121837	  0.1148069	0.091423608	0.063281646	0.043734421	 0.027186991	0.019487877	 0.012085505	0.0072027451	0.0039223938	 0.002417101	 0.0012786896	0.00091180819	0.00049097364	0.00041004392	0.00010251098	2.1581259e-05	0	0	0	0	0	0	0	0	0	0	0	0	0	0	0	0	0	0	0	0	0	0	0	0	0	0	0	0	#_107       
 2015	7	4	0	0	64.268229	0.00086932819	0.0027700627	0.0087522194	 0.01972933	0.031148471	0.039547065	0.046958456	0.058333395	0.074165482	0.095279843	 0.11016156	 0.12228795	 0.11388199	0.093519085	0.062812645	0.043392737	 0.027766932	0.018867369	 0.012170595	 0.007521899	0.0041256253	0.0024606408	 0.0015839454	0.00075145318	 0.0005525391	0.00043466409	6.6304692e-05	8.8406256e-05	0	0	0	0	0	0	0	0	0	0	0	0	0	0	0	0	0	0	0	0	0	0	0	0	0	0	0	0	#_108       
 2016	7	4	0	0	78.337382	0.00076162796	0.0027401098	0.0085004684	0.019123865	0.030828424	0.039407681	0.047155276	0.059525164	0.072105157	0.095352319	 0.11260275	 0.12189549	 0.11620954	0.091863712	 0.06355654	0.043176426	 0.027650597	0.018909384	 0.011625769	0.0073755351	0.0039438321	0.0024030675	 0.0013613005	0.00086668009	0.00053839218	0.00037643681	7.8789099e-05	6.5657583e-05	0	0	0	0	0	0	0	0	0	0	0	0	0	0	0	0	0	0	0	0	0	0	0	0	0	0	0	0	#_109       
 2017	7	4	0	0	93.122906	0.00075088194	0.0027687065	0.0084535655	0.019432825	0.031310412	0.039619262	0.047087124	0.058721699	0.073335226	0.095449382	 0.11050525	 0.12179851	 0.11523444	0.092342096	0.064439323	0.042923142	  0.02737033	0.018900381	 0.011956771	0.0075934643	0.0041394074	 0.002498389	  0.001354318	0.00086283162	0.00057886172	0.00037680621	0.00015017639	4.6418157e-05	0	0	0	0	0	0	0	0	0	0	0	0	0	0	0	0	0	0	0	0	0	0	0	0	0	0	0	0	#_110       
 2018	7	4	0	0	87.756974	 0.0009194042	0.0027677566	 0.008691392	 0.01924068	0.031361545	0.039454847	0.047481342	0.058644626	0.072171639	 0.09450139	 0.11136244	 0.12219804	 0.11550771	0.092258553	0.063652039	0.043800543	    0.027808	 0.01911979	 0.011898172	0.0072693377	 0.004094371	0.0025673328	 0.0012502625	0.00088440958	0.00057900195	0.00039766618	7.9533235e-05	3.8175953e-05	0	0	0	0	0	0	0	0	0	0	0	0	0	0	0	0	0	0	0	0	0	0	0	0	0	0	0	0	#_111       
 2019	7	4	0	0	 91.13937	0.00091939308	0.0027174466	0.0083327272	0.019260703	0.030712384	0.039231318	0.047232365	0.059766369	0.074072242	0.094330894	 0.10994603	  0.1226837	 0.11658253	0.092753961	0.062699117	0.043150376	 0.027552698	0.018690447	 0.011861916	0.0074220625	0.0040674416	0.0025428783	 0.0014198222	 0.0010095867	0.00050333862	0.00040441658	7.2736795e-05	6.1098907e-05	0	0	0	0	0	0	0	0	0	0	0	0	0	0	0	0	0	0	0	0	0	0	0	0	0	0	0	0	#_112       
 2020	7	4	0	0	87.775403	0.00094317378	0.0028515287	0.0084476932	0.019152716	0.031401399	0.039210878	0.047023501	0.059077262	0.073470094	0.094506013	 0.11144227	 0.12253085	 0.11563311	0.091943724	0.063915743	0.043615499	 0.027418062	0.018929498	 0.011415547	0.0071775525	0.0040430716	0.0024019492	 0.0014367681	0.00084256858	0.00057533601	0.00046215515	8.1741728e-05	5.0302602e-05	0	0	0	0	0	0	0	0	0	0	0	0	0	0	0	0	0	0	0	0	0	0	0	0	0	0	0	0	#_113       
 2021	7	4	0	0	86.312319	0.00086633703	0.0027979477	0.0085350241	0.019531087	0.030690791	0.039113513	0.046740487	0.059340878	0.074681461	0.094408276	 0.11242167	 0.12115884	 0.11584851	0.091825308	0.063066127	0.043291182	 0.027507805	0.018995242	 0.012003581	0.0074633331	0.0040653667	0.0024032831	 0.0013668873	0.00084387644	0.00048129835	 0.0004267512	7.7007736e-05	4.8129835e-05	0	0	0	0	0	0	0	0	0	0	0	0	0	0	0	0	0	0	0	0	0	0	0	0	0	0	0	0	#_114       
 2022	7	4	0	0	96.186444	 0.0008922272	0.0027397194	0.0085973849	0.018685856	0.030871546	0.039311336	0.047064985	0.058967005	0.074355499	0.094910668	 0.11208362	 0.12258911	 0.11415902	0.092549176	0.063833037	0.043576085	  0.02746993	0.018450677	 0.011921416	0.0073196574	0.0040732111	0.0023614926	 0.0013359163	0.00084131206	0.00053824576	0.00035640597	9.2132156e-05	5.3339669e-05	0	0	0	0	0	0	0	0	0	0	0	0	0	0	0	0	0	0	0	0	0	0	0	0	0	0	0	0	#_115       
 2023	7	4	0	0	99.554055	0.00086415486	0.0027076852	0.0082916192	0.019109558	0.031344284	  0.0392497	0.047551988	0.059628819	0.073209919	0.095204261	  0.1116168	 0.12182663	  0.1147747	0.092031425	0.063832239	0.042676448	 0.027610281	0.019348534	 0.011953075	0.0074957432	0.0040817981	0.0022446689	 0.0013997175	0.00089402688	0.00056330094	0.00034779566	0.00010241835	3.8406883e-05	0	0	0	0	0	0	0	0	0	0	0	0	0	0	0	0	0	0	0	0	0	0	0	0	0	0	0	0	#_116       
-9999	0	0	0	0	        0	            0	           0	           0	          0	          0	          0	          0	          0	          0	          0	          0	          0	          0	          0	          0	          0	           0	          0	           0	           0	           0	           0	            0	            0	            0	            0	            0	            0	0	0	0	0	0	0	0	0	0	0	0	0	0	0	0	0	0	0	0	0	0	0	0	0	0	0	0	0	#_terminator
0 #_N_agebins
#
#_MeanSize_at_Age_obs
0 #_use_MeanSize_at_Age_obs
0 #_N_environ_variables
0 #_N_sizefreq_methods
0 #_do_tags
0 #_morphcomp_data
0 #_use_selectivity_priors
#
999
